0.000000,336.573539,294.715385,223.467461,0.000000,708.210075,1166.881427,806.724922,10.064451,14603.898376
1.000000,353.988602,273.093984,226.049657,0.000000,718.331483,1116.965595,714.196304,34.005723,14435.450400
2.000000,374.519723,262.115550,231.589683,0.250030,720.318233,1045.676995,623.579613,52.221339,14270.142684
3.000000,394.148786,262.285065,234.040411,0.000000,726.311721,968.948150,542.480395,82.494293,13941.276144
4.000000,407.748427,273.927529,238.730736,0.000000,735.276581,878.256277,472.363129,98.140703,13645.013022
5.000000,416.852242,302.848691,241.764581,9.374825,732.697776,744.439679,423.732221,114.098670,13449.803323
6.000000,421.479267,338.431466,242.018991,19.683652,737.757584,623.569567,383.953781,137.546152,13063.643255
7.000000,425.845285,384.836090,242.364134,42.705479,732.168193,484.087778,356.231121,166.032162,12727.412447
8.000000,429.543484,437.072758,245.043875,67.765200,732.352094,353.603421,334.711086,172.010081,12488.650267
9.000000,438.323373,493.922581,244.757347,96.282745,728.141516,248.151466,322.761703,185.922700,12172.677042
10.000000,454.290639,559.208546,240.521709,135.058158,728.168441,131.728600,336.909302,211.513581,11865.030984
11.000000,477.704860,627.583050,235.342933,172.381084,732.801868,44.797349,373.771214,236.034538,11483.242420
12.000000,505.078625,688.563079,230.416098,203.304226,729.459331,0.000000,420.472457,247.122439,11210.685841
13.000000,542.415363,749.403269,219.264647,226.992435,723.049845,0.000000,493.685304,269.434996,10853.327942
14.000000,584.041845,810.672253,209.438835,257.378858,710.606253,0.324659,585.833205,290.947551,10529.425326
15.000000,632.027612,864.465711,194.007806,278.150861,698.150142,38.318528,681.172320,327.087491,10133.541543
16.000000,679.811558,908.929359,177.675621,289.298490,672.965927,110.929572,766.481629,351.605044,9857.855782
17.000000,727.570027,941.371440,160.742907,297.530110,634.598154,203.856066,826.353984,381.935743,9546.211238
18.000000,769.905249,971.763338,151.204135,324.631345,575.318679,254.020653,852.002896,421.198268,9284.958235
19.000000,805.445199,988.980817,136.485471,348.420243,547.124532,304.256988,852.836566,451.163541,8997.735815
20.000000,831.262443,997.585920,135.231067,377.118361,503.822773,347.631742,811.045872,456.266818,8848.458977
21.000000,844.439383,988.656397,140.516927,391.395054,440.878353,444.045723,735.626354,452.654247,8763.695350
22.000000,853.506971,985.451893,147.431644,428.149300,378.470425,458.369035,646.037133,448.087106,8753.268206
23.000000,852.077216,972.779801,151.043194,459.128041,340.877503,473.450054,561.523524,445.478009,8712.631454
24.000000,846.685894,965.158449,161.952480,501.693843,249.338980,473.080250,480.966212,444.921997,8774.402418
25.000000,831.246557,947.250616,165.012406,528.343354,204.998667,489.367691,426.260083,445.778367,8768.640452
26.000000,814.162021,937.874510,168.184045,569.755325,169.887678,450.072544,394.384404,462.572240,8702.288253
27.000000,792.031830,922.168751,167.667361,595.874162,139.937113,443.641962,383.914572,469.383830,8669.287919
28.000000,771.593409,910.743906,164.746569,624.392814,111.743694,419.700217,389.186844,483.120331,8607.585459
29.000000,752.471118,899.011572,159.572540,647.361456,91.385229,403.623199,408.692929,506.251774,8518.959901
30.000000,736.214201,880.916182,154.008558,655.133205,64.231760,430.914554,436.141330,517.273342,8463.999941
31.000000,726.801331,865.657315,144.250259,672.310240,21.332336,444.057419,482.908299,553.930502,8408.709871
32.000000,715.670928,846.197415,133.454682,676.565903,19.558351,476.785406,550.121329,588.771173,8259.921340
33.000000,705.433895,824.737565,118.126814,674.380002,20.431566,520.650315,632.073413,624.410893,8129.762432
34.000000,687.280163,809.700188,110.329246,674.293016,8.803331,541.572752,720.808803,626.626430,8367.482116
35.000000,675.906972,791.142539,95.619181,676.974499,4.212469,575.264041,818.436853,665.934747,8238.541761
36.000000,660.908940,774.150398,82.773656,682.833217,10.867444,602.518213,911.321515,706.275086,8092.242645
37.000000,645.600758,762.918250,68.342767,690.928001,0.000000,640.019488,1000.408476,727.183869,8078.837800
38.000000,628.232875,760.348102,51.759144,709.645353,0.000000,632.973206,1078.088441,768.115049,7973.425817
39.000000,606.100983,758.028886,44.952848,724.939596,0.000000,647.916679,1115.634840,791.394386,7905.942363
40.000000,586.492413,768.356560,33.770488,757.633731,0.000000,607.134201,1145.096087,824.678781,7837.215526
41.000000,562.424648,780.087800,26.777670,788.221777,0.000000,573.389610,1146.108797,849.172830,7816.525978
42.000000,537.817777,789.923946,20.912420,817.112106,0.000000,538.592931,1112.912671,865.197782,7808.900579
43.000000,504.518022,808.573833,28.647132,853.496990,0.000000,449.459830,1060.308873,845.822748,8150.069833
44.000000,479.444729,817.719010,23.727065,888.419172,0.000000,397.436711,1000.320552,867.971151,8090.166264
45.000000,452.620164,826.936025,23.186043,927.013925,0.000000,327.377113,938.544440,879.620637,8101.993339
46.000000,429.806854,833.846184,23.187348,970.627994,2.374678,250.055691,877.196275,913.981301,8001.092802
47.000000,405.666426,834.878347,21.129656,1008.420647,21.704913,170.867114,824.760116,934.233085,7943.303450
48.000000,386.116199,827.896199,19.166960,1038.604995,35.100168,119.477101,787.647501,954.959326,7929.089943
49.000000,371.454787,816.306409,15.140610,1068.967212,52.710980,58.689469,767.155856,992.606973,7924.697419
50.000000,356.589864,802.488371,17.276906,1079.867464,67.005403,19.392644,747.895600,985.196495,8325.275697
51.000000,359.011815,782.500684,3.516600,1105.056824,93.038809,0.000000,746.810614,1054.369959,8295.123390
52.000000,364.291081,758.315127,0.000000,1113.547964,114.489287,0.000000,745.674015,1095.678519,8245.375434
53.000000,373.905882,736.764173,0.000000,1121.122090,121.496196,0.000000,748.672837,1122.026899,8169.573442
54.000000,388.914469,715.729934,0.000000,1118.432233,145.765143,13.874481,746.329410,1148.377865,7981.118596
55.000000,405.302900,696.311060,0.000000,1113.196995,174.751440,36.084113,740.362836,1168.050143,7658.187778
56.000000,421.411360,681.386084,0.000000,1094.613309,189.724634,71.436672,728.428022,1147.603852,7636.211184
57.000000,440.681007,668.790670,0.000000,1089.721925,226.338469,77.538624,720.890044,1164.205475,7114.633163
58.000000,462.892418,656.698367,0.000000,1070.437337,253.608299,153.721489,712.454260,1162.485164,6689.853518
59.000000,479.121402,634.430768,0.000000,1022.320485,269.339037,266.853010,691.655779,1130.060746,6216.672349
60.000000,492.744134,622.145012,0.000000,993.770709,293.026387,319.539180,683.496039,1112.920495,5651.460433
61.000000,500.315089,614.996683,5.718759,956.756155,300.385904,370.044623,672.634871,1037.074515,5510.401884
62.000000,511.670900,599.452981,1.895156,918.679187,330.922892,457.642484,667.543062,1025.538178,4855.761223
63.000000,518.939570,584.530403,0.678913,879.545970,358.648423,541.315276,664.777400,981.553936,4274.555815
64.000000,520.897071,568.238437,10.175652,834.353056,379.556472,631.630333,652.490577,926.171484,3682.971052
65.000000,519.773164,550.616574,15.634213,792.257707,406.864259,733.433279,641.928313,863.308739,3160.788776
66.000000,512.703075,539.621226,30.297732,746.439177,412.299639,797.190503,617.189869,765.255597,2930.403871
67.000000,507.740327,527.662165,42.492439,721.507669,425.417153,837.937664,596.339811,698.554977,2505.104201
68.000000,503.123032,514.516992,56.919532,685.956024,426.804616,906.160005,565.842474,624.102949,2186.885305
69.000000,499.826833,502.786669,61.206334,658.665323,435.792630,950.633123,542.948175,567.174091,1885.654293
70.000000,492.518064,491.937429,72.991981,632.030873,440.004257,986.436225,520.932312,511.131199,1617.492281
71.000000,482.537332,486.821022,88.601401,611.622243,427.729216,991.973644,498.683415,447.106924,1557.451605
72.000000,475.842841,480.489620,96.125303,595.030203,432.480300,1008.325120,480.999245,402.443800,1364.822397
73.000000,470.459878,471.850667,97.133387,577.629217,442.886167,1033.564919,468.484193,368.726004,1139.309650
74.000000,461.699405,467.300437,106.162130,564.222026,430.936778,1036.797658,453.112354,326.165042,1041.618270
75.000000,454.648472,463.943163,110.057671,553.536289,427.453257,1040.034173,429.284612,288.578625,998.429465
76.000000,450.018776,455.300261,113.148158,533.842716,426.500658,1069.218439,402.561501,259.769904,878.137357
77.000000,443.398598,449.776207,119.052884,520.650544,415.297476,1083.327993,380.867962,236.218275,796.198250
78.000000,440.207910,444.827946,117.872382,512.023446,411.058790,1094.548463,365.105461,220.594318,719.948004
79.000000,433.987720,440.074998,121.119394,500.709637,404.187369,1103.259845,355.828702,204.997602,675.895011
80.000000,426.312444,438.835840,125.485675,495.372029,394.577182,1096.757786,346.278494,189.773389,687.015101
81.000000,422.157075,434.816522,125.463065,484.683378,389.672355,1099.976049,343.015350,181.058777,642.245133
82.000000,414.121674,430.041510,129.329747,476.254085,384.579824,1117.978542,340.430786,173.789559,579.146950
83.000000,407.718721,424.210168,129.561775,464.712463,380.257834,1123.224299,342.066921,165.432647,514.403587
84.000000,399.641368,425.150833,130.590946,463.095519,378.977566,1094.642818,343.705465,157.870412,495.704643
85.000000,392.181927,422.409165,133.001802,450.146511,372.352102,1103.245466,346.677876,147.232619,463.231499
86.000000,385.819835,419.355249,132.369305,435.305374,366.830615,1110.179601,349.223134,137.336119,427.899393
87.000000,376.236859,418.165262,134.326293,426.359006,361.952476,1096.749378,347.412108,126.523019,420.424640
88.000000,367.070050,415.318061,135.660084,414.486190,354.599028,1091.759847,348.950743,116.005119,384.303470
89.000000,358.814479,411.612975,134.796886,402.190178,347.936111,1084.225026,346.322842,107.704829,340.923578
90.000000,349.836844,407.470075,134.537863,387.673855,340.545188,1081.861944,345.803422,96.416539,316.347423
91.000000,338.655945,407.433806,138.302553,377.027707,337.106046,1050.303457,348.832155,89.375890,294.435163
92.000000,329.223438,402.749859,136.679527,360.515483,326.460540,1050.129212,353.804471,78.580101,272.663801
93.000000,320.551309,399.160633,136.537242,347.421415,324.091610,1038.375076,361.048916,72.358688,226.816440
94.000000,311.008556,394.249322,138.033888,334.952821,321.824172,1028.269996,364.303848,62.900355,199.703985
95.000000,299.356863,391.886489,139.295234,322.731534,320.530078,1011.496475,372.862443,57.223419,163.207900
96.000000,290.616511,386.464293,139.227981,306.622264,321.521409,1010.968812,376.618832,49.697250,129.553653
97.000000,281.693276,382.239903,139.982809,294.450463,314.550001,994.782247,382.403189,41.666630,108.682144
98.000000,270.357027,379.124808,142.168566,285.145244,314.029520,970.207042,386.049868,35.386936,90.008676
99.000000,261.821063,374.777389,141.285233,275.392087,312.940030,963.016779,388.599931,29.351833,62.463417
100.000000,253.487340,370.467866,142.623184,265.956500,308.720059,945.840702,389.369190,24.458880,45.949843
101.000000,245.178662,364.992952,142.114187,257.046479,312.729903,932.218974,390.178300,22.253798,16.163176
102.000000,234.714634,362.943647,143.538584,250.682061,309.651965,901.315889,390.038117,19.068634,12.763849
103.000000,226.303124,357.532682,143.666418,243.946259,310.571754,891.646152,386.720790,16.344138,0.000000
104.000000,217.666446,352.525241,143.677843,236.964338,306.170171,872.536700,383.936632,15.317824,0.000000
105.000000,208.062078,350.996920,144.869395,235.570348,306.673005,847.991040,376.548259,14.430247,0.000000
106.000000,200.937783,347.627504,144.810816,232.193352,308.534223,831.708748,370.788467,15.201715,0.000000
107.000000,193.593871,344.747314,145.697775,228.244248,310.536737,820.678395,366.866648,16.788089,0.000000
108.000000,184.850711,341.693666,146.684796,225.360634,310.062111,797.484308,356.721107,21.492159,0.000000
109.000000,178.716618,337.364223,144.732342,221.159981,308.077017,783.807447,346.243907,27.948043,0.000000
110.000000,172.520338,332.416324,145.361105,215.569628,309.203713,768.661950,335.062961,35.143770,0.000000
111.000000,166.763587,329.243529,143.932100,213.642849,308.697602,756.115224,322.784518,44.990299,0.000000
112.000000,159.559540,326.732103,144.492173,212.873645,308.647143,733.365954,312.593195,54.793794,7.864921
113.000000,153.812826,323.666638,143.157896,207.910988,308.734870,725.438097,299.809191,65.884732,14.780598
114.000000,148.953666,321.455876,143.155513,206.146901,310.968375,712.599751,288.591085,79.280338,18.227228
115.000000,143.167183,320.041031,142.302719,205.951606,308.692128,691.658611,275.202593,95.927305,32.840025
116.000000,139.462703,317.941080,141.602984,202.527433,307.742312,681.694925,262.042495,112.587293,52.164295
117.000000,135.080984,315.402608,140.575842,198.742054,308.008680,673.724086,250.903895,132.828624,53.609869
118.000000,130.485794,315.343306,139.462835,196.638753,309.765262,659.255140,238.192139,155.541954,74.529480
119.000000,127.483033,314.516497,138.644023,195.946202,308.373556,653.153051,227.027891,179.926285,89.504445
120.000000,124.404256,313.709378,137.423746,191.004399,306.844514,649.810474,215.923201,207.859200,105.889195
121.000000,120.957573,315.549393,136.742077,190.705496,308.905799,634.678180,203.273738,240.919458,123.813666
122.000000,118.933624,315.853673,134.770311,187.097537,308.083176,632.316925,193.553491,272.159005,150.574960
123.000000,116.369015,316.459120,132.945372,183.598308,307.803599,634.968432,184.093719,309.409586,157.395190
124.000000,115.524945,319.238719,130.626865,182.285504,304.882569,620.672587,174.363647,346.767338,206.998643
125.000000,114.620277,320.419231,127.547650,178.983842,303.888034,623.439045,166.112525,387.238279,224.750927
126.000000,113.571316,322.386446,125.311466,174.747649,301.970703,628.164609,157.802992,429.572277,244.911683
127.000000,112.776021,326.494432,122.109337,174.848201,302.870382,614.244988,151.586023,480.648622,260.253088
128.000000,112.310201,328.872928,120.410090,169.771066,302.932476,621.749569,144.549662,531.381397,257.106509
129.000000,112.688364,332.109910,118.095933,166.309858,302.467979,630.233379,138.402706,581.825566,268.872405
130.000000,112.813745,336.562756,114.533862,165.159267,299.846504,616.940251,133.430808,631.370443,322.906004
131.000000,113.216862,339.028486,112.402622,161.011463,300.187149,626.719275,128.133632,684.812526,323.936917
132.000000,113.362194,341.247903,110.085391,156.356683,302.113515,638.147681,122.918539,742.947874,309.424608
133.000000,114.766414,346.995688,106.879729,152.800982,300.205119,632.254124,120.818899,803.452448,337.649233
134.000000,115.009336,349.540238,106.219675,147.001673,299.873261,643.760651,115.431099,863.650020,323.747915
135.000000,116.281940,353.564803,101.914987,144.338132,299.009034,635.661388,115.695894,919.497445,373.567814
136.000000,117.458887,354.709123,99.583640,136.994138,299.774333,654.596084,111.087185,978.952858,351.573575
137.000000,118.820958,354.654344,97.704371,129.055446,298.572507,674.480666,107.909683,1036.713287,334.119947
138.000000,120.813606,358.832452,94.312330,129.421035,294.513985,661.397940,107.167699,1086.303046,405.563280
139.000000,121.209288,358.556510,93.923760,122.624271,294.359242,679.515815,103.334481,1141.154495,403.768289
140.000000,123.002854,359.071345,92.777125,118.125311,292.806300,695.338626,99.944797,1202.389845,370.225812
141.000000,125.331373,361.616632,87.741332,117.729420,291.154650,685.223255,100.902858,1252.009087,430.941799
142.000000,126.451468,360.083636,86.568710,108.503416,290.615589,708.735341,98.074020,1303.205510,416.789486
143.000000,127.940022,358.673962,85.499657,103.332616,288.530578,727.769564,95.002832,1347.481181,415.450676
144.000000,130.066890,360.214200,80.019342,101.548982,287.607895,721.177605,96.209492,1388.083651,477.049802
145.000000,131.421857,358.675152,79.954371,95.839700,285.796832,739.465225,94.508282,1437.247078,438.206778
146.000000,133.276475,360.914947,76.102926,98.743683,283.234390,719.125113,94.170289,1469.053385,560.605332
147.000000,133.936094,358.370226,76.324635,92.093737,285.604172,744.344517,90.141667,1529.332938,452.039261
148.000000,134.621231,353.748354,78.022319,84.248401,281.454062,769.488933,88.809352,1560.969759,442.860013
149.000000,137.097678,354.970698,72.286383,86.055327,279.952941,752.242965,90.759025,1589.994621,510.157160
150.000000,137.282664,349.012857,74.343525,77.040528,277.433848,783.674228,88.986686,1613.481399,517.741766
151.000000,136.506261,344.571971,77.309531,71.755441,273.813203,804.388535,87.873535,1644.307836,462.193048
152.000000,138.063498,344.200984,76.657049,69.180611,272.649765,797.805287,87.056016,1688.844854,455.133942
153.000000,137.700171,340.291382,78.515151,65.711574,272.389714,808.592800,84.841042,1706.788197,437.645625
154.000000,139.668105,339.141173,73.922298,66.452247,270.118542,795.980373,87.936227,1719.317323,506.344452
155.000000,138.691432,332.968058,77.611700,59.229840,270.421678,817.824909,86.278896,1736.072294,471.870004
156.000000,139.480629,326.918374,78.183948,51.999770,269.800296,841.136568,85.933245,1757.195129,405.761679
157.000000,141.280542,326.117846,76.909506,53.008448,268.706398,823.553972,89.377412,1769.670191,440.400536
158.000000,140.805326,318.698126,80.026335,50.466888,265.685340,833.274481,89.198426,1760.421193,436.090773
159.000000,140.281010,310.819268,82.985392,41.827721,265.659113,860.483372,87.857254,1765.594979,390.195202
160.000000,143.222033,310.087441,78.076173,45.380416,261.475096,838.035503,91.641973,1767.822165,449.468695
161.000000,142.030564,304.359797,84.589263,46.073765,257.238473,838.594745,93.197806,1759.298836,432.260784
162.000000,144.887679,302.077013,79.007977,47.563919,258.513904,818.902597,97.463858,1769.242924,440.163319
163.000000,144.219164,295.791098,84.476083,47.266804,255.765800,822.311725,98.704202,1765.013588,413.664165
164.000000,144.048144,288.983241,90.658008,46.491078,252.133156,830.236874,100.605545,1761.145287,358.404610
165.000000,145.442664,285.932116,87.479041,45.574126,255.750911,814.180333,106.786804,1755.732456,399.758597
166.000000,145.772926,279.802985,92.285553,44.677385,250.210843,818.344386,111.358311,1739.659671,381.054586
167.000000,146.853158,277.022619,92.184402,47.742831,249.479636,792.927308,116.200361,1732.544601,412.013241
168.000000,146.891669,270.091689,97.513574,49.150235,248.885523,788.822581,121.418562,1708.974532,377.366228
169.000000,146.453286,262.826158,102.934567,49.954318,244.666918,790.805106,126.790310,1682.567280,373.196432
170.000000,148.876907,260.376936,101.568355,51.492454,243.962259,768.430515,135.946992,1665.272430,412.275909
171.000000,148.691349,254.213343,106.795136,51.711934,240.529917,772.639330,140.946382,1648.108612,357.374394
172.000000,150.731185,251.507218,106.061323,54.645669,240.520164,748.537178,148.724341,1632.069755,386.960939
173.000000,150.689442,246.076575,113.344109,56.576171,235.416680,744.709551,156.022980,1604.421420,354.045221
174.000000,149.871130,241.178654,119.993850,57.898505,235.314450,734.492413,161.366451,1576.773801,322.643993
175.000000,151.284179,239.678782,121.182700,59.394853,234.225023,712.466737,171.388876,1565.785721,315.530787
176.000000,150.794203,234.109120,129.060505,61.985464,231.360793,706.102437,176.473505,1529.602804,309.659301
177.000000,153.662831,232.511008,126.703400,62.877191,234.463887,684.947920,186.448108,1512.953275,298.348716
178.000000,155.871405,227.785399,129.021475,64.989228,227.377505,683.964813,194.481956,1471.031413,309.068273
179.000000,158.058399,226.469773,129.713873,68.973850,227.564964,651.455526,201.841175,1434.645725,357.208169
180.000000,157.925147,222.091436,137.078209,72.475746,223.034338,644.693829,208.641376,1404.321432,316.343246
181.000000,157.963774,218.808686,143.201505,74.090575,221.282040,635.643964,214.314604,1372.168184,289.635841
182.000000,160.873719,217.273391,143.733170,77.127246,220.776658,615.314994,221.149401,1341.877605,322.359151
183.000000,161.586230,212.320029,146.942585,76.604304,220.441836,615.858625,224.935592,1321.076868,262.174571
184.000000,163.960402,211.382525,147.940543,79.674791,218.202749,592.775185,232.217930,1297.146963,270.068113
185.000000,163.608110,207.193843,155.748451,80.684165,215.167074,591.229658,235.015550,1269.438983,235.575296
186.000000,165.788773,203.541885,158.267754,79.369758,213.769284,590.475244,239.189017,1247.968677,192.572956
187.000000,169.025896,202.784695,156.764493,83.438968,211.599551,566.717746,245.745295,1219.316872,232.824679
188.000000,168.254818,199.191545,164.621951,86.059832,210.317882,562.419220,249.162402,1195.567426,216.023450
189.000000,171.504871,198.104204,162.939510,87.815707,207.368096,544.456975,254.595811,1182.334119,200.842494
190.000000,171.845438,193.126026,167.655699,88.385444,202.703041,538.313263,255.232355,1145.439374,205.900340
191.000000,173.231189,192.235135,170.535839,94.016199,197.949729,513.260475,256.420589,1123.696577,223.503390
192.000000,172.869606,189.712242,178.715267,96.375249,195.104490,504.008868,258.514988,1104.110582,202.288003
193.000000,174.154476,185.312184,180.508993,96.348826,191.018772,508.242671,260.914782,1085.839579,180.753589
194.000000,177.178460,183.299898,177.122827,98.459480,191.522514,489.425636,264.755135,1075.868552,184.645288
195.000000,178.764426,180.093086,179.549015,100.053607,188.122137,485.687646,265.514205,1056.169912,188.337053
196.000000,180.350638,178.939179,179.778151,102.006758,186.775339,468.195218,267.005993,1045.945142,197.197078
197.000000,180.918138,175.071931,182.913497,105.439700,183.154454,461.719387,266.615152,1027.225288,204.111962
198.000000,182.695412,173.407544,182.821376,107.441035,180.407871,446.094897,267.019448,1020.071789,218.060412
199.000000,182.544090,170.888281,188.260372,108.882805,177.549501,441.533378,267.395911,1011.144432,203.806087
200.000000,182.728663,167.633881,191.072727,110.437422,175.445304,434.484245,267.201513,996.748856,209.023706
201.000000,183.037824,167.422254,194.457231,112.976275,171.091420,412.576329,266.521314,990.770159,231.726573
202.000000,182.388488,164.268703,199.612983,114.569194,167.399738,411.084773,265.958366,982.290378,238.029993
203.000000,182.831472,163.912161,201.566977,119.078538,164.047974,388.582397,265.009844,974.996961,278.283742
204.000000,183.179561,160.050209,202.925863,119.697769,163.346119,391.117407,264.185013,972.765854,272.794554
205.000000,184.941817,158.255410,200.182598,116.172868,161.931661,384.834766,266.679067,984.472869,257.793959
206.000000,185.855323,154.327451,201.819758,115.482155,161.516374,388.008356,265.160929,981.700288,255.590001
207.000000,185.654757,153.969208,204.686239,117.600067,157.783478,368.628664,265.274347,985.567693,268.569725
208.000000,183.260504,150.896407,210.625864,117.579543,156.481002,370.748389,263.771770,981.913974,281.769778
209.000000,183.006485,148.362151,212.412579,119.834066,152.325153,364.871988,261.576991,972.577142,291.309343
210.000000,182.872088,147.421481,212.889885,120.712918,150.669373,350.689492,262.055321,973.461410,309.717013
211.000000,181.373523,145.196273,217.357696,120.999985,147.553341,350.111119,260.920198,970.157651,312.983965
212.000000,182.348264,144.359342,216.743199,121.942217,147.993028,339.803707,259.982830,968.896690,349.749682
213.000000,180.833675,142.012754,218.835030,124.074357,145.862118,336.040673,258.123210,959.302844,357.971923
214.000000,181.570330,141.974502,218.574166,123.480029,143.594697,325.895983,259.508456,961.481834,350.182885
215.000000,179.885899,139.752982,220.784536,123.446267,141.682306,326.146847,258.564628,949.872419,350.295315
216.000000,180.242825,139.550763,219.230905,124.153161,142.548327,313.776249,260.078355,944.866634,360.612979
217.000000,178.094070,137.924164,224.877991,124.291093,138.357839,314.023768,260.620545,934.155391,349.431651
218.000000,177.216022,138.106427,225.369860,125.454396,137.095155,303.011340,259.771495,924.128051,373.343781
219.000000,175.620989,136.914383,227.478125,126.762359,137.811842,299.881020,258.378440,907.334152,352.759592
220.000000,174.556608,136.742319,229.488968,129.958989,134.285969,291.079543,259.254265,889.167479,356.949235
221.000000,174.183087,136.666992,230.059384,130.196055,135.560212,284.595889,258.588526,876.481008,366.139436
222.000000,171.454840,136.734795,236.158384,133.967104,131.633231,274.738544,257.507879,859.114822,382.404634
223.000000,171.106275,137.824802,235.818339,135.231657,131.984114,264.763386,257.841263,847.181799,390.323878
224.000000,169.207096,137.821990,239.081201,138.182626,130.130286,259.025587,256.514820,826.319256,406.156399
225.000000,168.465063,137.347210,238.719064,136.217310,130.061169,255.825386,257.680593,819.803658,403.349413
226.000000,167.568995,136.953129,239.350662,136.615231,129.108129,252.449247,257.871347,806.629026,387.853880
227.000000,166.557227,137.742870,238.988740,136.528674,130.155390,243.507146,258.069251,797.527236,397.111934
228.000000,164.817172,137.527321,241.932133,136.319639,128.105331,241.794194,257.117385,780.918718,390.918169
229.000000,166.204413,138.248129,238.636303,135.199392,128.121336,235.724360,258.470640,777.150998,399.216990
230.000000,165.464262,137.450166,241.208187,132.846014,128.372134,243.394809,258.566757,769.006439,390.420111
231.000000,165.144625,138.621483,241.364516,132.243957,128.269914,235.607820,258.419627,763.011886,383.198739
232.000000,165.148583,138.519106,240.695616,132.280810,129.138968,237.529977,258.908220,750.111242,379.556754
233.000000,161.854617,139.384794,244.967405,134.596709,127.663557,229.007251,256.027740,730.948497,373.209710
234.000000,162.879640,139.401142,241.678784,132.286318,126.680199,228.708455,254.554736,724.571652,355.153652
235.000000,162.563132,139.465748,241.592938,133.888804,126.227475,228.499208,253.308303,715.576551,343.092915
236.000000,162.805010,140.153525,239.873389,132.010285,127.038904,227.177429,252.118832,713.262803,334.567729
237.000000,162.117307,140.480758,241.894364,132.581290,123.966903,227.042033,250.038429,705.410014,317.298134
238.000000,163.359738,140.913792,237.730806,130.916890,123.772060,226.103187,249.719919,707.395412,294.948265
239.000000,162.397103,141.613104,240.337557,132.231969,124.363427,224.541976,245.486331,698.630661,293.484353
240.000000,163.395348,142.892677,238.919673,130.671796,123.718300,220.546778,244.273886,699.622898,272.500141
241.000000,162.723095,143.554797,240.413609,130.673806,122.446129,217.937438,240.329510,691.029001,274.176894
242.000000,163.550404,144.533609,239.570642,129.914048,123.000168,214.614308,239.811799,689.937373,279.405208
243.000000,164.215079,145.035071,240.044066,130.206077,120.421956,216.594306,235.322936,683.310839,283.013167
244.000000,165.674175,145.926394,237.811275,128.535672,121.640444,215.195304,233.404129,682.885206,282.060025
245.000000,164.986417,147.220001,240.274259,132.183695,120.610055,210.643117,230.329692,671.223241,314.500488
246.000000,165.961460,148.406141,240.912290,131.578195,121.250202,208.115308,227.182098,669.231861,327.597748
247.000000,167.168097,148.432095,240.578696,130.671276,122.880040,208.031170,224.950605,661.225233,326.845715
248.000000,168.145104,149.425452,239.642919,130.030017,120.945947,203.313499,221.850045,655.678564,333.987956
249.000000,167.497312,150.761614,242.228720,132.912183,121.012880,198.512645,218.932260,640.604844,344.364457
250.000000,168.600690,151.086912,240.082785,132.126447,121.035627,195.069392,214.634314,632.269352,350.239620
251.000000,169.371253,151.003188,239.444721,131.319337,118.883010,196.031739,212.919180,623.433428,341.693398
252.000000,171.357400,151.408772,236.651518,130.272850,118.861101,191.922987,212.573502,617.898597,331.916726
253.000000,172.208620,151.605532,236.672060,131.694572,121.309685,192.192858,210.024771,607.799626,316.326321
254.000000,173.206135,152.089319,236.123105,131.700363,121.851058,190.139525,208.736047,597.737296,325.576113
255.000000,174.717579,152.538883,235.277725,134.196666,122.151415,186.153852,207.274989,588.261147,324.260371
256.000000,176.250046,153.225400,236.583721,135.708974,120.060292,184.832986,206.030179,577.920095,321.171121
257.000000,178.460456,153.650115,234.700463,135.087017,122.521052,185.033191,206.235022,574.376385,311.487715
258.000000,180.827570,153.406865,232.726487,136.426863,123.841637,190.302695,206.129509,563.426570,316.598814
259.000000,181.468670,154.750416,234.571801,137.843985,122.650332,180.567628,206.661871,557.116924,325.398021
260.000000,181.951522,154.321842,236.011212,139.720060,125.281837,181.480092,207.189626,546.192842,332.213213
261.000000,184.276393,155.589445,237.050853,141.188687,124.177111,172.107913,208.366097,541.675975,330.885058
262.000000,186.142862,156.234725,237.272276,143.589145,123.782242,168.704668,210.864858,533.717576,328.188881
263.000000,188.429575,155.862930,235.321704,141.919623,124.619607,166.864474,214.337331,533.453916,312.603953
264.000000,189.632644,156.762222,237.489349,144.005246,123.221183,157.001463,216.795768,523.714455,317.515333
265.000000,192.354551,156.663502,235.324286,143.686903,125.337712,158.381772,221.121547,522.110431,310.930295
266.000000,193.793589,156.665531,234.760860,147.233169,125.526000,153.999965,224.589057,512.574940,320.388359
267.000000,194.967506,156.982892,235.221794,146.486365,125.382648,149.535531,227.875711,507.474104,319.701978
268.000000,196.825047,157.466519,235.467465,148.435833,125.642262,140.915824,232.923135,500.290241,322.325121
269.000000,198.214449,157.148665,234.794930,148.918042,125.761380,138.302376,238.426459,498.098551,319.024352
270.000000,199.729333,156.478783,234.454892,151.636116,127.520574,136.760030,240.817569,489.919383,323.459615
271.000000,202.385268,157.370728,233.758663,152.607199,126.991567,127.526769,246.966966,486.006009,335.402852
272.000000,201.728061,157.773075,238.175383,154.949106,125.433849,118.926548,252.359844,477.395938,335.255141
273.000000,203.140263,158.321763,238.883970,156.529587,125.356371,108.244543,257.062498,474.203599,334.128867
274.000000,204.809700,158.069297,240.029843,159.404084,125.016745,105.040102,260.391735,467.408057,346.437563
275.000000,205.790723,158.279641,240.795627,160.560843,126.762667,98.729251,269.263602,464.314751,353.347025
276.000000,205.859318,159.054996,244.781318,164.219387,125.935688,89.134302,274.009357,457.112140,357.554815
277.000000,207.888787,159.010027,244.324604,164.654064,125.918040,82.572599,280.102076,457.546072,353.084016
278.000000,208.511201,157.864036,244.361924,167.805633,125.117605,78.464696,285.517930,450.051840,363.555397
279.000000,209.489920,157.983988,245.113387,167.851307,124.843937,73.175742,289.874870,448.125847,362.371011
280.000000,209.836271,157.574193,245.768410,170.513468,126.029214,67.360827,295.589228,441.611467,371.727278
281.000000,210.993343,158.490827,246.881081,173.128948,123.906496,58.976072,300.122219,438.950287,374.045790
282.000000,211.673320,158.200974,246.377877,175.338807,125.820757,54.220546,304.141000,432.169573,385.175991
283.000000,212.568225,157.322164,245.759392,175.730625,127.086248,52.917750,308.474446,431.145280,380.390911
284.000000,212.596992,156.418123,246.699717,177.874718,127.501904,50.442675,311.327808,424.826537,392.753884
285.000000,212.272747,156.961919,249.462528,179.949747,125.676076,38.217727,317.723377,422.997266,391.707896
286.000000,211.954808,157.661999,253.307246,182.974132,124.288116,25.197074,323.238486,419.496808,398.341600
287.000000,213.532795,156.327777,251.035266,182.981445,123.691213,22.074393,327.250673,419.260588,404.459384
288.000000,214.301816,156.187069,251.129678,184.461788,123.404755,17.068137,332.164096,421.888121,397.725796
289.000000,214.269596,155.554376,251.266079,186.064554,124.534918,15.755458,336.922609,417.005208,401.955929
290.000000,214.738583,154.681751,250.381720,185.570565,125.330866,14.284060,339.669528,418.979336,401.573027
291.000000,213.924076,153.727897,251.851678,187.124429,125.390862,17.362692,340.594396,414.508319,408.933123
292.000000,213.205611,153.348578,251.844178,187.649332,126.835812,15.695366,344.378971,414.913376,415.472397
293.000000,212.371194,151.937734,252.833592,188.365720,126.450670,14.963795,346.433198,411.653817,417.005923
294.000000,210.955910,152.309420,254.952272,189.351693,124.311934,1.740967,351.177443,412.129971,423.659903
295.000000,210.808315,151.866052,254.628425,191.052809,123.447703,0.494197,354.032993,411.318212,420.883890
296.000000,210.289262,150.923680,254.248716,191.035965,123.420258,0.000000,355.354276,413.376335,418.533505
297.000000,209.207672,150.182930,255.598995,192.493008,122.650887,0.000000,356.535120,413.471693,423.117566
298.000000,207.429834,149.870332,255.706982,191.622549,122.302520,0.000000,358.379366,415.073979,420.319549
299.000000,204.929505,148.941090,256.676087,192.965787,124.031709,0.000000,357.440046,411.898320,428.086859
300.000000,204.282497,148.378871,255.607856,192.956084,122.456079,0.000000,358.142522,415.858721,429.429148
301.000000,202.875610,147.161621,255.423815,193.346989,121.379948,0.000000,359.599663,416.961740,427.139094
302.000000,202.147495,146.567371,253.344522,192.787642,121.842997,0.000000,360.020679,421.760606,427.219915
303.000000,200.135951,146.342529,254.289651,193.964871,120.979649,0.000000,356.631226,420.956018,430.761691
304.000000,199.108827,145.359374,252.499300,192.359210,120.985687,0.001478,358.597611,428.455338,413.716917
305.000000,196.715434,143.846114,251.961191,192.261344,119.937504,6.015911,357.006054,428.558536,419.664949
306.000000,195.021650,143.376730,251.347797,192.204023,120.061430,3.118474,357.012462,434.249185,415.334833
307.000000,192.164921,142.516244,252.149210,192.345002,121.440128,5.285758,354.135690,435.329909,411.956592
308.000000,190.475789,141.774087,250.008782,190.350832,118.921750,9.477298,351.499254,439.757576,415.106657
309.000000,187.282099,141.239693,250.322488,190.739850,117.532221,12.517249,348.825471,440.339735,413.646305
310.000000,184.576289,140.919577,250.914245,189.858105,117.328637,11.434284,346.274711,444.755648,412.202542
311.000000,181.248833,139.242960,251.317901,189.059449,117.455097,17.864394,341.985524,448.335424,399.178620
312.000000,178.423292,138.603359,250.135422,187.421666,116.959378,18.286921,339.755668,452.107521,402.471151
313.000000,175.349982,138.159595,250.234241,186.047888,116.691146,18.636726,334.770333,457.304008,397.255867
314.000000,172.260480,137.555400,249.985710,186.502641,114.471312,23.364921,329.606646,458.497663,400.070401
315.000000,169.316803,136.083720,247.405283,183.203173,115.306381,33.448387,324.282561,463.762501,388.744990
316.000000,166.141131,134.662207,246.820813,182.515473,115.740847,39.430095,317.905921,465.071593,388.145616
317.000000,163.482790,134.046819,245.255719,180.811460,114.059903,42.391937,314.174174,471.297660,379.098877
318.000000,160.560477,133.393724,245.797037,180.486482,111.458141,44.782492,308.828191,471.503374,387.937667
319.000000,157.805878,133.149919,244.874093,178.949040,110.599495,44.953615,305.828061,478.656071,376.848966
320.000000,154.311906,131.692575,245.463963,178.034539,111.438440,53.020583,298.891034,478.452911,374.645443
321.000000,151.747865,131.118466,243.323057,176.426922,107.873318,53.913493,294.769176,484.203656,372.282911
322.000000,148.590945,129.332998,243.130148,175.248585,109.703835,64.394310,287.193130,484.524141,371.097491
323.000000,145.465994,128.661796,240.209516,173.035279,109.551048,65.439263,282.454914,489.857569,358.135802
324.000000,142.745829,127.504016,239.111462,172.230335,108.766724,72.286063,275.685827,491.632427,353.860290
325.000000,139.688991,126.826814,239.233672,169.621320,107.489506,75.567419,268.984240,496.871812,347.841244
326.000000,136.165375,125.088532,238.616207,168.925762,106.903223,84.408018,262.038333,497.104400,340.485117
327.000000,134.205364,124.349689,236.662541,166.548050,106.283980,88.591701,256.605896,502.116814,339.160618
328.000000,131.142903,123.779145,235.126464,164.361834,107.004361,90.625660,250.412336,505.967970,332.022838
329.000000,128.182950,122.285365,233.875027,163.936351,106.544563,97.641781,242.115955,505.293410,329.918229
330.000000,126.335570,121.037339,230.589952,160.219253,104.978855,107.236525,234.809900,509.287373,322.605891
